[1, 5, 10, 25, 50]
1
[1, 5, 10, 25, 50]
2
[1, 5, 10, 25, 50]
3
[1, 5, 10, 25, 50]
4
[1, 5, 10, 25, 50]
5
[1, 5, 10, 25, 50]
6
[1, 5, 10, 25, 50]
7
[1, 5, 10, 25, 50]
8
[1, 5, 10, 25, 50]
9
[1, 5, 10, 25, 50]
10
[1, 5, 10, 25, 50]
11
[1, 5, 10, 25, 50]
12
[1, 5, 10, 25, 50]
13
[1, 5, 10, 25, 50]
14
[1, 5, 10, 25, 50]
15
[1, 5, 10, 25, 50]
16
[1, 5, 10, 25, 50]
17
[1, 5, 10, 25, 50]
2010
[1, 5, 10, 25, 50]
2015
[1, 5, 10, 25, 50]
2020
[1, 5, 10, 25, 50]
2025
[1, 5, 10, 25, 50]
2030
[1, 5, 10, 25, 50]
2035
[1, 5, 10, 25, 50]
2040
[1, 5, 10, 25, 50]
2045
[1, 5, 10, 25, 50]
2050
[1, 5, 10, 25, 50]
2055
[1, 5, 10, 25, 50]
2060
[1, 5, 10, 25, 50]
2065
[1, 5, 10, 25, 50]
2070
[1, 5, 10, 25, 50]
2075
[1, 5, 10, 25, 50]
2080
[1, 5, 10, 25, 50]
2085
[1, 5, 10, 25, 50]
2090
[1, 5, 10, 25, 50]
2095
[1, 5, 10, 25, 50]
2100
[1, 5, 10, 25, 50]
2105
[1, 5, 10, 25, 50]
2110
[1, 5, 10, 25, 50]
2115
[1, 5, 10, 25, 50]
2120
[1, 5, 10, 25, 50]
2125
[1, 5, 10, 25, 50]
2130
[1, 5, 10, 25, 50]
2135
[1, 5, 10, 25, 50]
2140
[1, 5, 10, 25, 50]
2145
[1, 5, 10, 25, 50]
2150
[1, 5, 10, 25, 50]
2155
[1, 5, 10, 25, 50]
2160
[1, 5, 10, 25, 50]
2165
[1, 5, 10, 25, 50]
2170
[1, 5, 10, 25, 50]
2175
[1, 5, 10, 25, 50]
2180
[1, 5, 10, 25, 50]
2185
[1, 5, 10, 25, 50]
2190
[1, 5, 10, 25, 50]
2195
[1, 5, 10, 25, 50]
2200
