[1, 5, 10, 25, 50]
1001000
[1, 5, 10, 25, 50]
1001500
[1, 5, 10, 25, 50]
1002000
[1, 5, 10, 25, 50]
1002500
[1, 5, 10, 25, 50]
1003000
[1, 5, 10, 25, 50]
1003500
[1, 5, 10, 25, 50]
1004000
[1, 5, 10, 25, 50]
1004500
[1, 5, 10, 25, 50]
1005000
[1, 5, 10, 25, 50]
1005500
[1, 5, 10, 25, 50]
1006000
[1, 5, 10, 25, 50]
1006500
[1, 5, 10, 25, 50]
1007000
[1, 5, 10, 25, 50]
1007500
[1, 5, 10, 25, 50]
1008000
[1, 5, 10, 25, 50]
1008500
[1, 5, 10, 25, 50]
1009000
[1, 5, 10, 25, 50]
1009500
[1, 5, 10, 25, 50]
1010000
[1, 5, 10, 25, 50]
1010500
[1, 5, 10, 25, 50]
1011000
[1, 5, 10, 25, 50]
1011500
[1, 5, 10, 25, 50]
1012000
[1, 5, 10, 25, 50]
1012500
[1, 5, 10, 25, 50]
1013000
[1, 5, 10, 25, 50]
1013500
[1, 5, 10, 25, 50]
1014000
[1, 5, 10, 25, 50]
1014500
[1, 5, 10, 25, 50]
1015000
[1, 5, 10, 25, 50]
1015500
[1, 5, 10, 25, 50]
1016000
[1, 5, 10, 25, 50]
1016500
[1, 5, 10, 25, 50]
1017000
[1, 5, 10, 25, 50]
1017500
[1, 5, 10, 25, 50]
1018000
[1, 5, 10, 25, 50]
1018500
[1, 5, 10, 25, 50]
1019000
[1, 5, 10, 25, 50]
1019500
[1, 5, 10, 25, 50]
1020000
