[1, 2, 6, 12, 24, 48, 60]
1
[1, 2, 6, 12, 24, 48, 60]
2
[1, 2, 6, 12, 24, 48, 60]
3
[1, 2, 6, 12, 24, 48, 60]
4
[1, 2, 6, 12, 24, 48, 60]
5
[1, 2, 6, 12, 24, 48, 60]
6
[1, 2, 6, 12, 24, 48, 60]
7
[1, 2, 6, 12, 24, 48, 60]
8
[1, 2, 6, 12, 24, 48, 60]
9
[1, 2, 6, 12, 24, 48, 60]
10
[1, 2, 6, 12, 24, 48, 60]
11
[1, 2, 6, 12, 24, 48, 60]
12
[1, 2, 6, 12, 24, 48, 60]
13
[1, 2, 6, 12, 24, 48, 60]
14
[1, 2, 6, 12, 24, 48, 60]
15
[1, 2, 6, 12, 24, 48, 60]
16
[1, 2, 6, 12, 24, 48, 60]
17
[1, 2, 6, 12, 24, 48, 60]
2000
[1, 2, 6, 12, 24, 48, 60]
2001
[1, 2, 6, 12, 24, 48, 60]
2002
[1, 2, 6, 12, 24, 48, 60]
2003
[1, 2, 6, 12, 24, 48, 60]
2004
[1, 2, 6, 12, 24, 48, 60]
2005
[1, 2, 6, 12, 24, 48, 60]
2006
[1, 2, 6, 12, 24, 48, 60]
2007
[1, 2, 6, 12, 24, 48, 60]
2008
[1, 2, 6, 12, 24, 48, 60]
2009
[1, 2, 6, 12, 24, 48, 60]
2010
[1, 2, 6, 12, 24, 48, 60]
2011
[1, 2, 6, 12, 24, 48, 60]
2012
[1, 2, 6, 12, 24, 48, 60]
2013
[1, 2, 6, 12, 24, 48, 60]
2014
[1, 2, 6, 12, 24, 48, 60]
2015
[1, 2, 6, 12, 24, 48, 60]
2016
[1, 2, 6, 12, 24, 48, 60]
2017
[1, 2, 6, 12, 24, 48, 60]
2018
[1, 2, 6, 12, 24, 48, 60]
2019
[1, 2, 6, 12, 24, 48, 60]
2020
[1, 2, 6, 12, 24, 48, 60]
2021
[1, 2, 6, 12, 24, 48, 60]
2022
[1, 2, 6, 12, 24, 48, 60]
2023
[1, 2, 6, 12, 24, 48, 60]
2024
[1, 2, 6, 12, 24, 48, 60]
2025
[1, 2, 6, 12, 24, 48, 60]
2026
[1, 2, 6, 12, 24, 48, 60]
2027
[1, 2, 6, 12, 24, 48, 60]
2028
[1, 2, 6, 12, 24, 48, 60]
2029
[1, 2, 6, 12, 24, 48, 60]
2030
[1, 2, 6, 12, 24, 48, 60]
2031
[1, 2, 6, 12, 24, 48, 60]
2032
[1, 2, 6, 12, 24, 48, 60]
2033
[1, 2, 6, 12, 24, 48, 60]
2034
[1, 2, 6, 12, 24, 48, 60]
2035
[1, 2, 6, 12, 24, 48, 60]
2036
[1, 2, 6, 12, 24, 48, 60]
2037
[1, 2, 6, 12, 24, 48, 60]
2038
[1, 2, 6, 12, 24, 48, 60]
2039
[1, 2, 6, 12, 24, 48, 60]
2040
[1, 2, 6, 12, 24, 48, 60]
2041
[1, 2, 6, 12, 24, 48, 60]
2042
[1, 2, 6, 12, 24, 48, 60]
2043
[1, 2, 6, 12, 24, 48, 60]
2044
[1, 2, 6, 12, 24, 48, 60]
2045
[1, 2, 6, 12, 24, 48, 60]
2046
[1, 2, 6, 12, 24, 48, 60]
2047
[1, 2, 6, 12, 24, 48, 60]
2048
[1, 2, 6, 12, 24, 48, 60]
2049
[1, 2, 6, 12, 24, 48, 60]
2050
[1, 2, 6, 12, 24, 48, 60]
2051
[1, 2, 6, 12, 24, 48, 60]
2052
[1, 2, 6, 12, 24, 48, 60]
2053
[1, 2, 6, 12, 24, 48, 60]
2054
[1, 2, 6, 12, 24, 48, 60]
2055
[1, 2, 6, 12, 24, 48, 60]
2056
[1, 2, 6, 12, 24, 48, 60]
2057
[1, 2, 6, 12, 24, 48, 60]
2058
[1, 2, 6, 12, 24, 48, 60]
2059
[1, 2, 6, 12, 24, 48, 60]
2060
[1, 2, 6, 12, 24, 48, 60]
2061
[1, 2, 6, 12, 24, 48, 60]
2062
[1, 2, 6, 12, 24, 48, 60]
2063
[1, 2, 6, 12, 24, 48, 60]
2064
[1, 2, 6, 12, 24, 48, 60]
2065
[1, 2, 6, 12, 24, 48, 60]
2066
[1, 2, 6, 12, 24, 48, 60]
2067
[1, 2, 6, 12, 24, 48, 60]
2068
[1, 2, 6, 12, 24, 48, 60]
2069
[1, 2, 6, 12, 24, 48, 60]
2070
[1, 2, 6, 12, 24, 48, 60]
2071
[1, 2, 6, 12, 24, 48, 60]
2072
[1, 2, 6, 12, 24, 48, 60]
2073
[1, 2, 6, 12, 24, 48, 60]
2074
[1, 2, 6, 12, 24, 48, 60]
2075
[1, 2, 6, 12, 24, 48, 60]
2076
[1, 2, 6, 12, 24, 48, 60]
2077
[1, 2, 6, 12, 24, 48, 60]
2078
[1, 2, 6, 12, 24, 48, 60]
2079
[1, 2, 6, 12, 24, 48, 60]
2080
[1, 2, 6, 12, 24, 48, 60]
2081
[1, 2, 6, 12, 24, 48, 60]
2082
[1, 2, 6, 12, 24, 48, 60]
2083
[1, 2, 6, 12, 24, 48, 60]
2084
[1, 2, 6, 12, 24, 48, 60]
2085
[1, 2, 6, 12, 24, 48, 60]
2086
[1, 2, 6, 12, 24, 48, 60]
2087
[1, 2, 6, 12, 24, 48, 60]
2088
[1, 2, 6, 12, 24, 48, 60]
2089
[1, 2, 6, 12, 24, 48, 60]
2090
[1, 2, 6, 12, 24, 48, 60]
2091
[1, 2, 6, 12, 24, 48, 60]
2092
[1, 2, 6, 12, 24, 48, 60]
2093
[1, 2, 6, 12, 24, 48, 60]
2094
[1, 2, 6, 12, 24, 48, 60]
2095
[1, 2, 6, 12, 24, 48, 60]
2096
[1, 2, 6, 12, 24, 48, 60]
2097
[1, 2, 6, 12, 24, 48, 60]
2098
[1, 2, 6, 12, 24, 48, 60]
2099
[1, 2, 6, 12, 24, 48, 60]
2100
[1, 2, 6, 12, 24, 48, 60]
2101
[1, 2, 6, 12, 24, 48, 60]
2102
[1, 2, 6, 12, 24, 48, 60]
2103
[1, 2, 6, 12, 24, 48, 60]
2104
[1, 2, 6, 12, 24, 48, 60]
2105
[1, 2, 6, 12, 24, 48, 60]
2106
[1, 2, 6, 12, 24, 48, 60]
2107
[1, 2, 6, 12, 24, 48, 60]
2108
[1, 2, 6, 12, 24, 48, 60]
2109
[1, 2, 6, 12, 24, 48, 60]
2110
[1, 2, 6, 12, 24, 48, 60]
2111
[1, 2, 6, 12, 24, 48, 60]
2112
[1, 2, 6, 12, 24, 48, 60]
2113
[1, 2, 6, 12, 24, 48, 60]
2114
[1, 2, 6, 12, 24, 48, 60]
2115
[1, 2, 6, 12, 24, 48, 60]
2116
[1, 2, 6, 12, 24, 48, 60]
2117
[1, 2, 6, 12, 24, 48, 60]
2118
[1, 2, 6, 12, 24, 48, 60]
2119
[1, 2, 6, 12, 24, 48, 60]
2120
[1, 2, 6, 12, 24, 48, 60]
2121
[1, 2, 6, 12, 24, 48, 60]
2122
[1, 2, 6, 12, 24, 48, 60]
2123
[1, 2, 6, 12, 24, 48, 60]
2124
[1, 2, 6, 12, 24, 48, 60]
2125
[1, 2, 6, 12, 24, 48, 60]
2126
[1, 2, 6, 12, 24, 48, 60]
2127
[1, 2, 6, 12, 24, 48, 60]
2128
[1, 2, 6, 12, 24, 48, 60]
2129
[1, 2, 6, 12, 24, 48, 60]
2130
[1, 2, 6, 12, 24, 48, 60]
2131
[1, 2, 6, 12, 24, 48, 60]
2132
[1, 2, 6, 12, 24, 48, 60]
2133
[1, 2, 6, 12, 24, 48, 60]
2134
[1, 2, 6, 12, 24, 48, 60]
2135
[1, 2, 6, 12, 24, 48, 60]
2136
[1, 2, 6, 12, 24, 48, 60]
2137
[1, 2, 6, 12, 24, 48, 60]
2138
[1, 2, 6, 12, 24, 48, 60]
2139
[1, 2, 6, 12, 24, 48, 60]
2140
[1, 2, 6, 12, 24, 48, 60]
2141
[1, 2, 6, 12, 24, 48, 60]
2142
[1, 2, 6, 12, 24, 48, 60]
2143
[1, 2, 6, 12, 24, 48, 60]
2144
[1, 2, 6, 12, 24, 48, 60]
2145
[1, 2, 6, 12, 24, 48, 60]
2146
[1, 2, 6, 12, 24, 48, 60]
2147
[1, 2, 6, 12, 24, 48, 60]
2148
[1, 2, 6, 12, 24, 48, 60]
2149
[1, 2, 6, 12, 24, 48, 60]
2150
[1, 2, 6, 12, 24, 48, 60]
2151
[1, 2, 6, 12, 24, 48, 60]
2152
[1, 2, 6, 12, 24, 48, 60]
2153
[1, 2, 6, 12, 24, 48, 60]
2154
[1, 2, 6, 12, 24, 48, 60]
2155
[1, 2, 6, 12, 24, 48, 60]
2156
[1, 2, 6, 12, 24, 48, 60]
2157
[1, 2, 6, 12, 24, 48, 60]
2158
[1, 2, 6, 12, 24, 48, 60]
2159
[1, 2, 6, 12, 24, 48, 60]
2160
[1, 2, 6, 12, 24, 48, 60]
2161
[1, 2, 6, 12, 24, 48, 60]
2162
[1, 2, 6, 12, 24, 48, 60]
2163
[1, 2, 6, 12, 24, 48, 60]
2164
[1, 2, 6, 12, 24, 48, 60]
2165
[1, 2, 6, 12, 24, 48, 60]
2166
[1, 2, 6, 12, 24, 48, 60]
2167
[1, 2, 6, 12, 24, 48, 60]
2168
[1, 2, 6, 12, 24, 48, 60]
2169
[1, 2, 6, 12, 24, 48, 60]
2170
[1, 2, 6, 12, 24, 48, 60]
2171
[1, 2, 6, 12, 24, 48, 60]
2172
[1, 2, 6, 12, 24, 48, 60]
2173
[1, 2, 6, 12, 24, 48, 60]
2174
[1, 2, 6, 12, 24, 48, 60]
2175
[1, 2, 6, 12, 24, 48, 60]
2176
[1, 2, 6, 12, 24, 48, 60]
2177
[1, 2, 6, 12, 24, 48, 60]
2178
[1, 2, 6, 12, 24, 48, 60]
2179
[1, 2, 6, 12, 24, 48, 60]
2180
[1, 2, 6, 12, 24, 48, 60]
2181
[1, 2, 6, 12, 24, 48, 60]
2182
[1, 2, 6, 12, 24, 48, 60]
2183
[1, 2, 6, 12, 24, 48, 60]
2184
[1, 2, 6, 12, 24, 48, 60]
2185
[1, 2, 6, 12, 24, 48, 60]
2186
[1, 2, 6, 12, 24, 48, 60]
2187
[1, 2, 6, 12, 24, 48, 60]
2188
[1, 2, 6, 12, 24, 48, 60]
2189
[1, 2, 6, 12, 24, 48, 60]
2190
[1, 2, 6, 12, 24, 48, 60]
2191
[1, 2, 6, 12, 24, 48, 60]
2192
[1, 2, 6, 12, 24, 48, 60]
2193
[1, 2, 6, 12, 24, 48, 60]
2194
[1, 2, 6, 12, 24, 48, 60]
2195
[1, 2, 6, 12, 24, 48, 60]
2196
[1, 2, 6, 12, 24, 48, 60]
2197
[1, 2, 6, 12, 24, 48, 60]
2198
[1, 2, 6, 12, 24, 48, 60]
2199
[1, 2, 6, 12, 24, 48, 60]
2200
