[1, 6, 13, 37, 150]
1
[1, 6, 13, 37, 150]
2
[1, 6, 13, 37, 150]
3
[1, 6, 13, 37, 150]
4
[1, 6, 13, 37, 150]
5
[1, 6, 13, 37, 150]
6
[1, 6, 13, 37, 150]
7
[1, 6, 13, 37, 150]
8
[1, 6, 13, 37, 150]
9
[1, 6, 13, 37, 150]
10
[1, 6, 13, 37, 150]
11
[1, 6, 13, 37, 150]
12
[1, 6, 13, 37, 150]
13
[1, 6, 13, 37, 150]
14
[1, 6, 13, 37, 150]
15
[1, 6, 13, 37, 150]
16
[1, 6, 13, 37, 150]
17
[1, 6, 13, 37, 150]
2000
[1, 6, 13, 37, 150]
2001
[1, 6, 13, 37, 150]
2002
[1, 6, 13, 37, 150]
2003
[1, 6, 13, 37, 150]
2004
[1, 6, 13, 37, 150]
2005
[1, 6, 13, 37, 150]
2006
[1, 6, 13, 37, 150]
2007
[1, 6, 13, 37, 150]
2008
[1, 6, 13, 37, 150]
2009
[1, 6, 13, 37, 150]
2010
[1, 6, 13, 37, 150]
2011
[1, 6, 13, 37, 150]
2012
[1, 6, 13, 37, 150]
2013
[1, 6, 13, 37, 150]
2014
[1, 6, 13, 37, 150]
2015
[1, 6, 13, 37, 150]
2016
[1, 6, 13, 37, 150]
2017
[1, 6, 13, 37, 150]
2018
[1, 6, 13, 37, 150]
2019
[1, 6, 13, 37, 150]
2020
[1, 6, 13, 37, 150]
2021
[1, 6, 13, 37, 150]
2022
[1, 6, 13, 37, 150]
2023
[1, 6, 13, 37, 150]
2024
[1, 6, 13, 37, 150]
2025
[1, 6, 13, 37, 150]
2026
[1, 6, 13, 37, 150]
2027
[1, 6, 13, 37, 150]
2028
[1, 6, 13, 37, 150]
2029
[1, 6, 13, 37, 150]
2030
[1, 6, 13, 37, 150]
2031
[1, 6, 13, 37, 150]
2032
[1, 6, 13, 37, 150]
2033
[1, 6, 13, 37, 150]
2034
[1, 6, 13, 37, 150]
2035
[1, 6, 13, 37, 150]
2036
[1, 6, 13, 37, 150]
2037
[1, 6, 13, 37, 150]
2038
[1, 6, 13, 37, 150]
2039
[1, 6, 13, 37, 150]
2040
[1, 6, 13, 37, 150]
2041
[1, 6, 13, 37, 150]
2042
[1, 6, 13, 37, 150]
2043
[1, 6, 13, 37, 150]
2044
[1, 6, 13, 37, 150]
2045
[1, 6, 13, 37, 150]
2046
[1, 6, 13, 37, 150]
2047
[1, 6, 13, 37, 150]
2048
[1, 6, 13, 37, 150]
2049
[1, 6, 13, 37, 150]
2050
[1, 6, 13, 37, 150]
2051
[1, 6, 13, 37, 150]
2052
[1, 6, 13, 37, 150]
2053
[1, 6, 13, 37, 150]
2054
[1, 6, 13, 37, 150]
2055
[1, 6, 13, 37, 150]
2056
[1, 6, 13, 37, 150]
2057
[1, 6, 13, 37, 150]
2058
[1, 6, 13, 37, 150]
2059
[1, 6, 13, 37, 150]
2060
[1, 6, 13, 37, 150]
2061
[1, 6, 13, 37, 150]
2062
[1, 6, 13, 37, 150]
2063
[1, 6, 13, 37, 150]
2064
[1, 6, 13, 37, 150]
2065
[1, 6, 13, 37, 150]
2066
[1, 6, 13, 37, 150]
2067
[1, 6, 13, 37, 150]
2068
[1, 6, 13, 37, 150]
2069
[1, 6, 13, 37, 150]
2070
[1, 6, 13, 37, 150]
2071
[1, 6, 13, 37, 150]
2072
[1, 6, 13, 37, 150]
2073
[1, 6, 13, 37, 150]
2074
[1, 6, 13, 37, 150]
2075
[1, 6, 13, 37, 150]
2076
[1, 6, 13, 37, 150]
2077
[1, 6, 13, 37, 150]
2078
[1, 6, 13, 37, 150]
2079
[1, 6, 13, 37, 150]
2080
[1, 6, 13, 37, 150]
2081
[1, 6, 13, 37, 150]
2082
[1, 6, 13, 37, 150]
2083
[1, 6, 13, 37, 150]
2084
[1, 6, 13, 37, 150]
2085
[1, 6, 13, 37, 150]
2086
[1, 6, 13, 37, 150]
2087
[1, 6, 13, 37, 150]
2088
[1, 6, 13, 37, 150]
2089
[1, 6, 13, 37, 150]
2090
[1, 6, 13, 37, 150]
2091
[1, 6, 13, 37, 150]
2092
[1, 6, 13, 37, 150]
2093
[1, 6, 13, 37, 150]
2094
[1, 6, 13, 37, 150]
2095
[1, 6, 13, 37, 150]
2096
[1, 6, 13, 37, 150]
2097
[1, 6, 13, 37, 150]
2098
[1, 6, 13, 37, 150]
2099
[1, 6, 13, 37, 150]
2100
[1, 6, 13, 37, 150]
2101
[1, 6, 13, 37, 150]
2102
[1, 6, 13, 37, 150]
2103
[1, 6, 13, 37, 150]
2104
[1, 6, 13, 37, 150]
2105
[1, 6, 13, 37, 150]
2106
[1, 6, 13, 37, 150]
2107
[1, 6, 13, 37, 150]
2108
[1, 6, 13, 37, 150]
2109
[1, 6, 13, 37, 150]
2110
[1, 6, 13, 37, 150]
2111
[1, 6, 13, 37, 150]
2112
[1, 6, 13, 37, 150]
2113
[1, 6, 13, 37, 150]
2114
[1, 6, 13, 37, 150]
2115
[1, 6, 13, 37, 150]
2116
[1, 6, 13, 37, 150]
2117
[1, 6, 13, 37, 150]
2118
[1, 6, 13, 37, 150]
2119
[1, 6, 13, 37, 150]
2120
[1, 6, 13, 37, 150]
2121
[1, 6, 13, 37, 150]
2122
[1, 6, 13, 37, 150]
2123
[1, 6, 13, 37, 150]
2124
[1, 6, 13, 37, 150]
2125
[1, 6, 13, 37, 150]
2126
[1, 6, 13, 37, 150]
2127
[1, 6, 13, 37, 150]
2128
[1, 6, 13, 37, 150]
2129
[1, 6, 13, 37, 150]
2130
[1, 6, 13, 37, 150]
2131
[1, 6, 13, 37, 150]
2132
[1, 6, 13, 37, 150]
2133
[1, 6, 13, 37, 150]
2134
[1, 6, 13, 37, 150]
2135
[1, 6, 13, 37, 150]
2136
[1, 6, 13, 37, 150]
2137
[1, 6, 13, 37, 150]
2138
[1, 6, 13, 37, 150]
2139
[1, 6, 13, 37, 150]
2140
[1, 6, 13, 37, 150]
2141
[1, 6, 13, 37, 150]
2142
[1, 6, 13, 37, 150]
2143
[1, 6, 13, 37, 150]
2144
[1, 6, 13, 37, 150]
2145
[1, 6, 13, 37, 150]
2146
[1, 6, 13, 37, 150]
2147
[1, 6, 13, 37, 150]
2148
[1, 6, 13, 37, 150]
2149
[1, 6, 13, 37, 150]
2150
[1, 6, 13, 37, 150]
2151
[1, 6, 13, 37, 150]
2152
[1, 6, 13, 37, 150]
2153
[1, 6, 13, 37, 150]
2154
[1, 6, 13, 37, 150]
2155
[1, 6, 13, 37, 150]
2156
[1, 6, 13, 37, 150]
2157
[1, 6, 13, 37, 150]
2158
[1, 6, 13, 37, 150]
2159
[1, 6, 13, 37, 150]
2160
[1, 6, 13, 37, 150]
2161
[1, 6, 13, 37, 150]
2162
[1, 6, 13, 37, 150]
2163
[1, 6, 13, 37, 150]
2164
[1, 6, 13, 37, 150]
2165
[1, 6, 13, 37, 150]
2166
[1, 6, 13, 37, 150]
2167
[1, 6, 13, 37, 150]
2168
[1, 6, 13, 37, 150]
2169
[1, 6, 13, 37, 150]
2170
[1, 6, 13, 37, 150]
2171
[1, 6, 13, 37, 150]
2172
[1, 6, 13, 37, 150]
2173
[1, 6, 13, 37, 150]
2174
[1, 6, 13, 37, 150]
2175
[1, 6, 13, 37, 150]
2176
[1, 6, 13, 37, 150]
2177
[1, 6, 13, 37, 150]
2178
[1, 6, 13, 37, 150]
2179
[1, 6, 13, 37, 150]
2180
[1, 6, 13, 37, 150]
2181
[1, 6, 13, 37, 150]
2182
[1, 6, 13, 37, 150]
2183
[1, 6, 13, 37, 150]
2184
[1, 6, 13, 37, 150]
2185
[1, 6, 13, 37, 150]
2186
[1, 6, 13, 37, 150]
2187
[1, 6, 13, 37, 150]
2188
[1, 6, 13, 37, 150]
2189
[1, 6, 13, 37, 150]
2190
[1, 6, 13, 37, 150]
2191
[1, 6, 13, 37, 150]
2192
[1, 6, 13, 37, 150]
2193
[1, 6, 13, 37, 150]
2194
[1, 6, 13, 37, 150]
2195
[1, 6, 13, 37, 150]
2196
[1, 6, 13, 37, 150]
2197
[1, 6, 13, 37, 150]
2198
[1, 6, 13, 37, 150]
2199
[1, 6, 13, 37, 150]
2200
